[[[ 573  814  609  814]]

 [[1312  917 1423  916]]

 [[  42  529  131  529]]

 [[  72 1071  128 1071]]

 [[ 124  310  195  309]]

 [[ 961  506  961  562]]

 [[1506  907 1506  760]]

 [[ 568  799  568  707]]

 [[1621  912 1781  912]]

 [[ 666  812  732  812]]

 [[  91  252  122  252]]

 [[ 565  508  565  335]]

 [[1398  695 1454  695]]

 [[1828  697 1829  750]]

 [[ 248  625  248  594]]

 [[ 185  250  189  250]]

 [[ 244  149  244   95]]

 [[1055  697 1163  697]]

 [[  18  589  161  589]]

 [[1302  608 1327  608]]

 [[1154  763 1280  816]]

 [[ 567  585  567  532]]

 [[1830  830 1830  751]]

 [[ 130   10  237   10]]

 [[1709  693 1793  693]]

 [[1087  416 1134  416]]

 [[ 214  865  253  864]]

 [[1605  836 1605  813]]

 [[1889  403 1889  347]]

 [[ 380  702  515  702]]

 [[  15  312   99  310]]

 [[1166  699 1258  699]]

 [[1076  299 1155  298]]

 [[ 373  304  410  304]]

 [[ 962  803  962  720]]

 [[ 699  190  723  190]]

 [[ 961  575  963  719]]

 [[ 995  236 1112  221]]

 [[ 380  420  503  420]]

 [[  33  250   83  250]]

 [[1891  283 1891  282]]

 [[ 361  652  449  650]]

 [[ 276 1009  276  906]]

 [[ 372  473  499  471]]

 [[ 959  411  959  349]]

 [[1060  581 1163  581]]

 [[ 162 1070  255 1070]]

 [[ 620  194  681  193]]

 [[1012  646 1045  648]]

 [[ 245  312  246  359]]

 [[ 148  530  207  528]]

 [[1901  639 1919  640]]

 [[1047  350 1155  350]]

 [[1891  636 1891  581]]

 [[ 724  191  796  191]]

 [[   4   11  129   11]]

 [[ 960  484  960  412]]

 [[ 355  415  355  385]]

 [[1156  294 1156  219]]

 [[ 878  192  888  192]]

 [[ 805  813  958  810]]

 [[ 160  807  224  807]]

 [[1010  643 1010  588]]

 [[ 247  803  250  710]]

 [[1139  647 1167  647]]

 [[1015  533 1111  532]]

 [[1011  759 1011  703]]

 [[1016  466 1105  465]]

 [[ 155  251  212  251]]

 [[1009  387 1009  354]]

 [[  12  868   95  868]]

 [[ 385  586  441  587]]

 [[ 564  334  564  198]]

 [[1890  733 1890  710]]

 [[ 516  359  517  417]]

 [[1829  831 1830  905]]

 [[ 518  637  518  589]]

 [[  10  808   74  808]]

 [[ 247  489  247  360]]

 [[ 411  303  492  304]]

 [[ 428  588  434  588]]

 [[ 370  297  370  282]]

 [[1027  300 1075  300]]

 [[1638  693 1708  694]]

 [[  96  867  118  867]]

 [[1221  609 1247  613]]

 [[1090  764 1156  763]]

 [[1604  737 1605  785]]

 [[  75  807  159  808]]

 [[ 566  531  566  509]]

 [[1280  897 1280  817]]

 [[ 162  588  187  588]]

 [[ 244  220  244  171]]

 [[1505  832 1505  818]]

 [[ 380  537  445  536]]

 [[ 363  356  502  354]]

 [[ 567  671  568  586]]

 [[1016  698 1054  698]]

 [[ 451  651  516  649]]

 [[ 149  866  205  867]]

 [[1012  416 1086  417]]

 [[1425  917 1504  913]]

 [[   8 1072   60 1071]]

 [[ 519  730  519  769]]

 [[1479  696 1502  696]]

 [[ 410  419  413  419]]

 [[ 370  484  371  531]]

 [[ 372  241  450  229]]

 [[ 517  475  518  526]]

 [[1208  646 1293  642]]

 [[ 832  190  846  190]]

 [[ 356  645  356  627]]

 [[ 380  768  450  768]]

 [[1889  470 1890  523]]

 [[1896  692 1919  692]]

 [[ 515  300  516  234]]

 [[ 733  811  804  812]]

 [[1606  903 1606  837]]

 [[1782  913 1824  912]]

 [[1157  530 1157  506]]

 [[1262  642 1268  642]]

 [[1058  764 1064  764]]

 [[ 455  216  501  215]]

 [[1505  759 1505  699]]

 [[ 959  319  959  306]]

 [[1164  361 1166  413]]

 [[ 857  192  917  192]]

 [[ 249  626  250  709]]

 [[1222  614 1249  615]]

 [[1604  758 1604  743]]

 [[1132  211 1151  213]]

 [[ 358  419  379  419]]

 [[1009  497 1011  531]]

 [[1365  695 1397  695]]

 [[ 958  230  958  213]]

 [[   0  247   31  247]]

 [[ 142  590  155  590]]

 [[1097  531 1154  532]]

 [[ 209  530  235  530]]

 [[1019  582 1047  582]]

 [[ 373  727  374  764]]

 [[1889  246 1889  280]]

 [[ 454  535  491  536]]

 [[1054  648 1110  647]]

 [[ 991  287  991  240]]

 [[ 519  704  519  722]]

 [[ 455  771  507  771]]

 [[1286  697 1319  697]]

 [[1242  585 1269  585]]

 [[ 968  299  970  240]]

 [[1039  765 1047  765]]

 [[ 100  311  123  311]]

 [[1114  465 1155  467]]

 [[1048  582 1053  582]]

 [[1083  648 1130  647]]

 [[1328  695 1364  695]]

 [[ 355  596  356  646]]

 [[ 567  706  568  658]]

 [[ 369  281  369  247]]

 [[1014  351 1032  351]]

 [[1065  763 1089  763]]

 [[1605  705 1605  736]]

 [[ 246   49  246   74]]

 [[  12  530   18  530]]

 [[ 636  813  655  813]]

 [[ 442  587  513  586]]

 [[1655  911 1674  911]]

 [[ 275  905  275  875]]

 [[ 569  193  618  191]]

 [[1607  696 1626  694]]

 [[1222  608 1244  608]]

 [[ 999  299 1026  299]]

 [[1892  232 1919  230]]

 [[1259  698 1285  698]]

 [[1158  472 1158  505]]

 [[ 919  190  954  190]]

 [[ 278 1053  278 1022]]

 [[ 200  311  238  310]]

 [[1455  695 1478  695]]

 [[ 188  589  232  588]]

 [[ 247  522  248  490]]

 [[1135  415 1164  415]]

 [[1185  633 1185  607]]

 [[ 566  429  566  411]]

 [[ 129 1071  161 1071]]

 [[1221  611 1237  613]]

 [[1892  525 1919  526]]

 [[ 243  170  243  150]]

 [[1307  633 1326  633]]

 [[1895  408 1919  409]]

 [[1893  753 1893  740]]

 [[ 119  866  134  866]]

 [[ 814  190  828  190]]

 [[1810  692 1820  693]]

 [[ 122  251  154  250]]

 [[1287  917 1304  917]]

 [[1009  472 1010  529]]

 [[ 610  814  635  814]]

 [[ 245  247  245  226]]

 [[1180  594 1240  598]]

 [[ 363  586  380  586]]

 [[1276  617 1287  618]]

 [[1893  344 1919  344]]

 [[ 114  806  120  806]]

 [[ 254  865  262  865]]

 [[1801  692 1824  695]]

 [[ 957  212  957  192]]

 [[1281  908 1281  898]]

 [[1015  764 1050  765]]

 [[   0  530   41  530]]

 [[1328  632 1328  609]]

 [[ 958  348  958  326]]

 [[1270  609 1270  587]]

 [[ 369  355  413  355]]

 [[ 968  294  968  277]]

 [[ 245   78  245   86]]

 [[1008  393 1009  412]]

 [[1898  461 1919  461]]

 [[1891  709 1891  695]]

 [[ 354  384  354  363]]

 [[1295  638 1305  638]]

 [[1199  625 1199  644]]

 [[1170  645 1232  646]]]